# x	y	u	v	s2n	mask
  0.6672	  0.6672	183.1302	-3907.7116	  2.0325	  0.0000
  1.2979	  0.6672	174.1087	-3939.5032	  1.6913	  0.0000
  1.9287	  0.6672	181.8766	-3949.1295	  1.7211	  0.0000
  2.5594	  0.6672	224.4659	-3967.6616	  2.2406	  0.0000
  3.1902	  0.6672	211.0043	-3996.0302	  2.0751	  0.0000
  3.8210	  0.6672	202.2456	-3977.0619	  1.4237	  0.0000
  4.4517	  0.6672	191.9538	-4014.4920	  1.5664	  0.0000
  5.0825	  0.6672	164.5222	-4018.3514	  1.4354	  0.0000
  5.7132	  0.6672	181.9906	-4019.1428	  1.3573	  0.0000
  6.3440	  0.6672	220.7614	-4031.8818	  1.6458	  0.0000
  6.9748	  0.6672	227.2863	-4017.0187	  1.5802	  0.0000
  7.6055	  0.6672	245.7605	-4039.0636	  1.6462	  0.0000
  8.2363	  0.6672	250.5412	-4054.5806	  2.0213	  0.0000
  8.8671	  0.6672	261.6651	-4084.9602	  2.0343	  0.0000
  9.4978	  0.6672	244.7180	-4122.6075	  1.6760	  0.0000
 10.1286	  0.6672	227.8130	-4118.5554	  1.4681	  0.0000
 10.7593	  0.6672	147.2020	-3988.8013	  1.0667	  0.0000
 11.3901	  0.6672	 30.0738	 38.4418	  1.1979	  0.0000
 12.0209	  0.6672	-65.9514	-57.0124	  1.6387	  0.0000
 12.6516	  0.6672	-78.6715	-54.9747	  1.7349	  0.0000
 13.2824	  0.6672	-97.8159	 -9.9755	  2.3183	  0.0000
 13.9131	  0.6672	-117.0693	 34.6519	  1.8623	  0.0000
 14.5439	  0.6672	-71.8537	 56.8918	  2.1198	  0.0000
 15.1747	  0.6672	-91.3579	 73.4911	  2.6353	  0.0000
 15.8054	  0.6672	-64.2688	 -0.0402	  2.0738	  0.0000
 16.4362	  0.6672	-24.7162	 -8.4667	  1.4863	  0.0000
 17.0670	  0.6672	-15.7510	  0.2598	  1.1538	  0.0000
 17.6977	  0.6672	-405.2882	-2920.8453	  1.0874	  0.0000
 18.3285	  0.6672	-263.5393	-2599.9344	  1.0306	  1.0000
 18.9592	  0.6672	 -3.6141	-10.0329	  1.1057	  0.0000
 19.5900	  0.6672	-184.1036	-3871.0010	  1.3773	  0.0000
 20.2208	  0.6672	-190.0492	-3905.3146	  1.1549	  0.0000
 20.8515	  0.6672	-243.1599	-3921.7311	  1.2013	  0.0000
 21.4823	  0.6672	-236.4708	-3931.2499	  1.5902	  0.0000
 22.1131	  0.6672	-213.2578	-3903.8998	  1.7389	  0.0000
 22.7438	  0.6672	-222.5463	-3882.4687	  1.2624	  0.0000
 23.3746	  0.6672	-200.8326	-3878.3720	  1.3653	  0.0000
 24.0053	  0.6672	-201.8638	-3883.0956	  1.5549	  0.0000
 24.6361	  0.6672	-207.0206	-3862.3984	  1.4445	  0.0000
 25.2669	  0.6672	-199.7007	-3853.3761	  1.3747	  0.0000
 25.8976	  0.6672	-166.4337	-3829.1046	  1.2738	  0.0000
 26.5284	  0.6672	-187.0314	-3817.2017	  1.3348	  0.0000
 27.1591	  0.6672	-174.4466	-3805.3008	  1.7922	  0.0000
 27.7899	  0.6672	-146.1577	-3830.2387	  1.9107	  0.0000
 28.4207	  0.6672	-124.1050	-3844.3272	  1.6488	  0.0000
 29.0514	  0.6672	-128.5673	-3823.7251	  1.7852	  0.0000
 29.6822	  0.6672	-87.5255	-3836.1553	  1.1665	  0.0000
 30.3130	  0.6672	-73.1553	-3851.2656	  1.1610	  0.0000
 30.9437	  0.6672	-66.5827	-3851.6172	  1.0902	  0.0000
 31.5745	  0.6672	-124.8182	-3857.0459	  1.0017	  1.0000
 32.2052	  0.6672	-112.5234	-3866.4843	  1.4732	  0.0000
 32.8360	  0.6672	-145.1139	-3860.6122	  1.7586	  0.0000
 33.4668	  0.6672	-73.1624	-3885.5914	  1.6378	  0.0000
  0.6672	  1.2979	174.8010	-3917.8169	  1.5859	  0.0000
  1.2979	  1.2979	192.8006	-3953.5972	  1.2549	  0.0000
  1.9287	  1.2979	202.6793	-3949.6167	  1.6289	  0.0000
  2.5594	  1.2979	203.6778	-3965.1040	  2.5828	  0.0000
  3.1902	  1.2979	193.1700	-4016.3943	  2.1478	  0.0000
  3.8210	  1.2979	200.7445	-4011.1602	  1.7956	  0.0000
  4.4517	  1.2979	193.2500	-3972.4794	  1.5706	  0.0000
  5.0825	  1.2979	215.7491	-3970.6214	  1.2727	  0.0000
  5.7132	  1.2979	239.1773	-4012.9455	  1.5228	  0.0000
  6.3440	  1.2979	247.5490	-4023.8111	  2.6469	  0.0000
  6.9748	  1.2979	252.6510	-3997.1245	  1.4837	  0.0000
  7.6055	  1.2979	268.6442	-4013.0756	  1.5844	  0.0000
  8.2363	  1.2979	258.0640	-4034.6869	  1.6243	  0.0000
  8.8671	  1.2979	251.3662	-4088.8625	  1.7121	  0.0000
  9.4978	  1.2979	247.7888	-4136.1582	  1.9081	  0.0000
 10.1286	  1.2979	234.2640	-4116.4351	  2.0071	  0.0000
 10.7593	  1.2979	204.6432	-3855.9658	  1.5247	  0.0000
 11.3901	  1.2979	 18.1042	 54.6815	  1.2707	  0.0000
 12.0209	  1.2979	-48.0988	-43.5518	  1.9132	  0.0000
 12.6516	  1.2979	-179.6108	-258.9095	  2.6528	  0.0000
 13.2824	  1.2979	-239.8639	-199.8147	  3.0722	  0.0000
 13.9131	  1.2979	-216.4397	-123.3185	  2.4726	  0.0000
 14.5439	  1.2979	-142.5084	-53.3873	  2.2343	  0.0000
 15.1747	  1.2979	-129.8982	-23.4234	  2.5434	  0.0000
 15.8054	  1.2979	-61.3201	-120.0371	  1.4298	  0.0000
 16.4362	  1.2979	 70.6738	-136.9773	  1.3191	  0.0000
 17.0670	  1.2979	-508.4796	-3042.7552	  1.1375	  0.0000
 17.6977	  1.2979	-478.7161	-3151.6750	  1.6036	  0.0000
 18.3285	  1.2979	-485.0921	-3326.9638	  1.4045	  0.0000
 18.9592	  1.2979	-338.7732	-3450.6912	  1.3271	  0.0000
 19.5900	  1.2979	-234.8116	-3818.1796	  1.6060	  0.0000
 20.2208	  1.2979	-234.7067	-3928.0087	  1.7561	  0.0000
 20.8515	  1.2979	-256.3685	-3930.4915	  1.5376	  0.0000
 21.4823	  1.2979	-259.7215	-3917.6124	  1.8453	  0.0000
 22.1131	  1.2979	-257.2918	-3904.1330	  1.9578	  0.0000
 22.7438	  1.2979	-215.3079	-3890.7372	  1.6546	  0.0000
 23.3746	  1.2979	-211.2140	-3866.1444	  1.3328	  0.0000
 24.0053	  1.2979	-239.0256	-3855.5595	  1.2898	  0.0000
 24.6361	  1.2979	-246.3625	-3836.2013	  1.5152	  0.0000
 25.2669	  1.2979	-193.7168	-3834.8448	  1.5018	  0.0000
 25.8976	  1.2979	-137.7372	-3815.4373	  1.2724	  0.0000
 26.5284	  1.2979	-126.4913	-3807.4599	  1.1807	  0.0000
 27.1591	  1.2979	-125.9649	-3849.4465	  1.8982	  0.0000
 27.7899	  1.2979	-120.4510	-3865.6737	  1.4100	  0.0000
 28.4207	  1.2979	-126.8469	-3811.0632	  1.1917	  0.0000
 29.0514	  1.2979	-134.1801	-3824.5844	  1.9812	  0.0000
 29.6822	  1.2979	-122.3090	-3845.1360	  2.0051	  0.0000
 30.3130	  1.2979	-117.6396	-3858.6711	  1.5630	  0.0000
 30.9437	  1.2979	-86.2780	-3860.0678	  1.4354	  0.0000
 31.5745	  1.2979	-121.4637	-3857.8556	  1.4787	  0.0000
 32.2052	  1.2979	-149.9429	-3863.9799	  1.3157	  0.0000
 32.8360	  1.2979	-145.8854	-3879.2847	  1.1397	  0.0000
 33.4668	  1.2979	-132.3248	-3862.9519	  1.6306	  0.0000
  0.6672	  1.9287	174.5378	-3955.6280	  1.3960	  0.0000
  1.2979	  1.9287	194.5235	-3950.7599	  1.3284	  0.0000
  1.9287	  1.9287	197.1353	-3945.8334	  1.8915	  0.0000
  2.5594	  1.9287	213.1393	-3942.4832	  2.3838	  0.0000
  3.1902	  1.9287	209.7889	-3966.9754	  1.7187	  0.0000
  3.8210	  1.9287	187.2062	-4004.2357	  1.2525	  0.0000
  4.4517	  1.9287	178.4386	-4009.9092	  1.4308	  0.0000
  5.0825	  1.9287	201.2730	-4003.1247	  1.7711	  0.0000
  5.7132	  1.9287	287.7656	-3975.0814	  1.9063	  0.0000
  6.3440	  1.9287	280.6973	-3988.6426	  1.8573	  0.0000
  6.9748	  1.9287	286.4460	-3982.1654	  1.3868	  0.0000
  7.6055	  1.9287	269.8263	-4007.6948	  1.1381	  0.0000
  8.2363	  1.9287	285.2987	-4062.5225	  1.2193	  0.0000
  8.8671	  1.9287	311.6024	-4093.7643	  1.7066	  0.0000
  9.4978	  1.9287	309.0521	-4109.5255	  1.7039	  0.0000
 10.1286	  1.9287	311.3317	-4121.2974	  2.0060	  0.0000
 10.7593	  1.9287	298.0263	-4005.9083	  1.3114	  0.0000
 11.3901	  1.9287	 50.1494	-13.6477	  1.0519	  0.0000
 12.0209	  1.9287	-21.1871	-89.0809	  1.1287	  0.0000
 12.6516	  1.9287	-258.7751	-440.3242	  1.6000	  0.0000
 13.2824	  1.9287	-202.1723	-98.7214	  1.6072	  0.0000
 13.9131	  1.9287	-193.2698	-34.4302	  2.0249	  0.0000
 14.5439	  1.9287	-232.0794	 -7.5880	  2.7617	  0.0000
 15.1747	  1.9287	-175.2049	-17.5583	  1.9070	  0.0000
 15.8054	  1.9287	 72.5682	-256.2763	  1.3021	  0.0000
 16.4362	  1.9287	-210.8014	-1186.2337	  1.0123	  1.0000
 17.0670	  1.9287	-219.6318	-1517.0182	  1.0379	  1.0000
 17.6977	  1.9287	-570.1049	-3263.3883	  1.3241	  0.0000
 18.3285	  1.9287	-419.4599	-3408.9815	  1.3370	  0.0000
 18.9592	  1.9287	-289.4925	-3489.8337	  1.2801	  0.0000
 19.5900	  1.9287	-252.3316	-3658.3861	  1.9134	  0.0000
 20.2208	  1.9287	-275.5365	-3904.1944	  1.5828	  0.0000
 20.8515	  1.9287	-249.9571	-3921.1402	  1.4418	  0.0000
 21.4823	  1.9287	-273.4949	-3917.0883	  1.2967	  0.0000
 22.1131	  1.9287	-258.9777	-3913.9420	  1.5734	  0.0000
 22.7438	  1.9287	-267.0955	-3885.1489	  2.0497	  0.0000
 23.3746	  1.9287	-245.4571	-3871.3437	  1.9314	  0.0000
 24.0053	  1.9287	-226.5720	-3857.8957	  1.7816	  0.0000
 24.6361	  1.9287	-205.3695	-3823.5287	  1.9659	  0.0000
 25.2669	  1.9287	-212.2537	-3795.1304	  2.0661	  0.0000
 25.8976	  1.9287	-173.7653	-3790.3701	  1.5539	  0.0000
 26.5284	  1.9287	-150.2483	-3848.1728	  1.6660	  0.0000
 27.1591	  1.9287	-133.9161	-3827.3169	  1.5442	  0.0000
 27.7899	  1.9287	-170.5724	-3844.5314	  1.2373	  0.0000
 28.4207	  1.9287	-177.4515	-3872.9220	  1.7098	  0.0000
 29.0514	  1.9287	-153.7717	-3863.3754	  1.8675	  0.0000
 29.6822	  1.9287	-172.3899	-3823.3328	  1.6498	  0.0000
 30.3130	  1.9287	-191.9085	-3810.0958	  1.8390	  0.0000
 30.9437	  1.9287	-156.8558	-3841.0454	  1.5606	  0.0000
 31.5745	  1.9287	-124.7301	-3851.4285	  1.6429	  0.0000
 32.2052	  1.9287	-156.1634	-3871.6550	  1.5861	  0.0000
 32.8360	  1.9287	-144.1212	-3868.3673	  1.7198	  0.0000
 33.4668	  1.9287	-116.2887	-3895.3199	  1.4670	  0.0000
